#Layer_Color=6321
#
#Feature symbol names
#
$0 r5
$1 r6.6666
$2 r4

#
#Feature attribute names
#

#
#Layer features
#
A -0.5280236 0.3735747 -0.5280236 0.3735747 -0.5480236 0.3735747 1 P 0 N
A -0.5360236 0.3735747 -0.5360236 0.3735747 -0.5480236 0.3735747 2 P 0 N
A -0.717 0.2357795 -0.717 0.2357795 -0.737 0.2357795 1 P 0 N
A -0.717 0.4719999 -0.717 0.4719999 -0.737 0.4719999 1 P 0 N
A -0.725 0.2357795 -0.725 0.2357795 -0.737 0.2357795 2 P 0 N
A -0.725 0.4719999 -0.725 0.4719999 -0.737 0.4719999 2 P 0 N
L -0.011 1.529 -0.001 1.509 0 P 0
L -0.011 1.529 -0.001 1.549 0 P 0
L -0.015 1.529 -0.009 1.517 0 P 0
L -0.015 1.529 -0.009 1.541 0 P 0
L -0.02 0.02 0 -0.02 0 P 0
L -0.02 0.02 0.02 0.02 0 P 0
L -0.021 1.519 -0.001 1.509 0 P 0
L -0.021 1.523 -0.009 1.517 0 P 0
L -0.021 1.535 -0.009 1.541 0 P 0
L -0.021 1.539 -0.001 1.549 0 P 0
L -0.033 1.517 -0.021 1.523 0 P 0
L -0.033 1.517 -0.027 1.529 0 P 0
L -0.033 1.541 -0.021 1.535 0 P 0
L -0.033 1.541 -0.027 1.529 0 P 0
L -0.041 1.509 -0.021 1.519 0 P 0
L -0.041 1.509 -0.031 1.529 0 P 0
L -0.041 1.549 -0.021 1.539 0 P 0
L -0.041 1.549 -0.031 1.529 0 P 0
L -0.162 0.237 -0.152 0.217 0 P 0
L -0.162 0.237 -0.152 0.257 0 P 0
L -0.162 0.472 -0.152 0.452 0 P 0
L -0.162 0.472 -0.152 0.492 0 P 0
L -0.166 0.237 -0.16 0.225 0 P 0
L -0.166 0.237 -0.16 0.249 0 P 0
L -0.166 0.472 -0.16 0.46 0 P 0
L -0.166 0.472 -0.16 0.484 0 P 0
L -0.172 0.227 -0.152 0.217 0 P 0
L -0.172 0.231 -0.16 0.225 0 P 0
L -0.172 0.243 -0.16 0.249 0 P 0
L -0.172 0.247 -0.152 0.257 0 P 0
L -0.172 0.462 -0.152 0.452 0 P 0
L -0.172 0.466 -0.16 0.46 0 P 0
L -0.172 0.478 -0.16 0.484 0 P 0
L -0.172 0.482 -0.152 0.492 0 P 0
L -0.184 0.225 -0.172 0.231 0 P 0
L -0.184 0.225 -0.178 0.237 0 P 0
L -0.184 0.249 -0.172 0.243 0 P 0
L -0.184 0.249 -0.178 0.237 0 P 0
L -0.184 0.46 -0.172 0.466 0 P 0
L -0.184 0.46 -0.178 0.472 0 P 0
L -0.184 0.484 -0.172 0.478 0 P 0
L -0.184 0.484 -0.178 0.472 0 P 0
L -0.192 0.217 -0.172 0.227 0 P 0
L -0.192 0.217 -0.182 0.237 0 P 0
L -0.192 0.257 -0.172 0.247 0 P 0
L -0.192 0.257 -0.182 0.237 0 P 0
L -0.192 0.452 -0.172 0.462 0 P 0
L -0.192 0.452 -0.182 0.472 0 P 0
L -0.192 0.492 -0.172 0.482 0 P 0
L -0.192 0.492 -0.182 0.472 0 P 0
L -0.237 0.237 -0.227 0.217 0 P 0
L -0.237 0.237 -0.227 0.257 0 P 0
L -0.241 0.237 -0.235 0.225 0 P 0
L -0.241 0.237 -0.235 0.249 0 P 0
L -0.247 0.227 -0.227 0.217 0 P 0
L -0.247 0.231 -0.235 0.225 0 P 0
L -0.247 0.243 -0.235 0.249 0 P 0
L -0.247 0.247 -0.227 0.257 0 P 0
L -0.259 0.225 -0.247 0.231 0 P 0
L -0.259 0.225 -0.253 0.237 0 P 0
L -0.259 0.249 -0.247 0.243 0 P 0
L -0.259 0.249 -0.253 0.237 0 P 0
L -0.261 1.114 -0.251 1.094 0 P 0
L -0.261 1.114 -0.251 1.134 0 P 0
L -0.261 1.173125 -0.251 1.153125 0 P 0
L -0.261 1.173125 -0.251 1.193125 0 P 0
L -0.261 1.233 -0.251 1.213 0 P 0
L -0.261 1.233 -0.251 1.253 0 P 0
L -0.261 1.292125 -0.251 1.272125 0 P 0
L -0.261 1.292125 -0.251 1.312125 0 P 0
L -0.261 1.35125 -0.251 1.33125 0 P 0
L -0.261 1.35125 -0.251 1.37125 0 P 0
L -0.261 1.410375 -0.251 1.390375 0 P 0
L -0.261 1.410375 -0.251 1.430375 0 P 0
L -0.261 1.647 -0.251 1.627 0 P 0
L -0.261 1.647 -0.251 1.667 0 P 0
L -0.265 1.114 -0.259 1.102 0 P 0
L -0.265 1.114 -0.259 1.126 0 P 0
L -0.265 1.173125 -0.259 1.161125 0 P 0
L -0.265 1.173125 -0.259 1.185125 0 P 0
L -0.265 1.233 -0.259 1.221 0 P 0
L -0.265 1.233 -0.259 1.245 0 P 0
L -0.265 1.292125 -0.259 1.280125 0 P 0
L -0.265 1.292125 -0.259 1.304125 0 P 0
L -0.265 1.35125 -0.259 1.33925 0 P 0
L -0.265 1.35125 -0.259 1.36325 0 P 0
L -0.265 1.410375 -0.259 1.398375 0 P 0
L -0.265 1.410375 -0.259 1.422375 0 P 0
L -0.265 1.647 -0.259 1.635 0 P 0
L -0.265 1.647 -0.259 1.659 0 P 0
L -0.267 0.217 -0.247 0.227 0 P 0
L -0.267 0.217 -0.257 0.237 0 P 0
L -0.267 0.257 -0.247 0.247 0 P 0
L -0.267 0.257 -0.257 0.237 0 P 0
L -0.271 1.104 -0.251 1.094 0 P 0
L -0.271 1.108 -0.259 1.102 0 P 0
L -0.271 1.12 -0.259 1.126 0 P 0
L -0.271 1.124 -0.251 1.134 0 P 0
L -0.271 1.163125 -0.251 1.153125 0 P 0
L -0.271 1.167125 -0.259 1.161125 0 P 0
L -0.271 1.179125 -0.259 1.185125 0 P 0
L -0.271 1.183125 -0.251 1.193125 0 P 0
L -0.271 1.223 -0.251 1.213 0 P 0
L -0.271 1.227 -0.259 1.221 0 P 0
L -0.271 1.239 -0.259 1.245 0 P 0
L -0.271 1.243 -0.251 1.253 0 P 0
L -0.271 1.282125 -0.251 1.272125 0 P 0
L -0.271 1.286125 -0.259 1.280125 0 P 0
L -0.271 1.298125 -0.259 1.304125 0 P 0
L -0.271 1.302125 -0.251 1.312125 0 P 0
L -0.271 1.34125 -0.251 1.33125 0 P 0
L -0.271 1.34525 -0.259 1.33925 0 P 0
L -0.271 1.35725 -0.259 1.36325 0 P 0
L -0.271 1.36125 -0.251 1.37125 0 P 0
L -0.271 1.400375 -0.251 1.390375 0 P 0
L -0.271 1.404375 -0.259 1.398375 0 P 0
L -0.271 1.416375 -0.259 1.422375 0 P 0
L -0.271 1.420375 -0.251 1.430375 0 P 0
L -0.271 1.637 -0.251 1.627 0 P 0
L -0.271 1.641 -0.259 1.635 0 P 0
L -0.271 1.653 -0.259 1.659 0 P 0
L -0.271 1.657 -0.251 1.667 0 P 0
L -0.283 1.102 -0.271 1.108 0 P 0
L -0.283 1.102 -0.277 1.114 0 P 0
L -0.283 1.126 -0.271 1.12 0 P 0
L -0.283 1.126 -0.277 1.114 0 P 0
L -0.283 1.161125 -0.271 1.167125 0 P 0
L -0.283 1.161125 -0.277 1.173125 0 P 0
L -0.283 1.185125 -0.271 1.179125 0 P 0
L -0.283 1.185125 -0.277 1.173125 0 P 0
L -0.283 1.221 -0.271 1.227 0 P 0
L -0.283 1.221 -0.277 1.233 0 P 0
L -0.283 1.245 -0.271 1.239 0 P 0
L -0.283 1.245 -0.277 1.233 0 P 0
L -0.283 1.280125 -0.271 1.286125 0 P 0
L -0.283 1.280125 -0.277 1.292125 0 P 0
L -0.283 1.304125 -0.271 1.298125 0 P 0
L -0.283 1.304125 -0.277 1.292125 0 P 0
L -0.283 1.33925 -0.271 1.34525 0 P 0
L -0.283 1.33925 -0.277 1.35125 0 P 0
L -0.283 1.36325 -0.271 1.35725 0 P 0
L -0.283 1.36325 -0.277 1.35125 0 P 0
L -0.283 1.398375 -0.271 1.404375 0 P 0
L -0.283 1.398375 -0.277 1.410375 0 P 0
L -0.283 1.422375 -0.271 1.416375 0 P 0
L -0.283 1.422375 -0.277 1.410375 0 P 0
L -0.283 1.635 -0.271 1.641 0 P 0
L -0.283 1.635 -0.277 1.647 0 P 0
L -0.283 1.659 -0.271 1.653 0 P 0
L -0.283 1.659 -0.277 1.647 0 P 0
L -0.291 1.094 -0.271 1.104 0 P 0
L -0.291 1.094 -0.281 1.114 0 P 0
L -0.291 1.134 -0.271 1.124 0 P 0
L -0.291 1.134 -0.281 1.114 0 P 0
L -0.291 1.153125 -0.271 1.163125 0 P 0
L -0.291 1.153125 -0.281 1.173125 0 P 0
L -0.291 1.193125 -0.271 1.183125 0 P 0
L -0.291 1.193125 -0.281 1.173125 0 P 0
L -0.291 1.213 -0.271 1.223 0 P 0
L -0.291 1.213 -0.281 1.233 0 P 0
L -0.291 1.253 -0.271 1.243 0 P 0
L -0.291 1.253 -0.281 1.233 0 P 0
L -0.291 1.272125 -0.271 1.282125 0 P 0
L -0.291 1.272125 -0.281 1.292125 0 P 0
L -0.291 1.312125 -0.271 1.302125 0 P 0
L -0.291 1.312125 -0.281 1.292125 0 P 0
L -0.291 1.33125 -0.271 1.34125 0 P 0
L -0.291 1.33125 -0.281 1.35125 0 P 0
L -0.291 1.37125 -0.271 1.36125 0 P 0
L -0.291 1.37125 -0.281 1.35125 0 P 0
L -0.291 1.390375 -0.271 1.400375 0 P 0
L -0.291 1.390375 -0.281 1.410375 0 P 0
L -0.291 1.430375 -0.271 1.420375 0 P 0
L -0.291 1.430375 -0.281 1.410375 0 P 0
L -0.291 1.627 -0.271 1.637 0 P 0
L -0.291 1.627 -0.281 1.647 0 P 0
L -0.291 1.667 -0.271 1.657 0 P 0
L -0.291 1.667 -0.281 1.647 0 P 0
L -0.321 0.809 -0.311 0.789 0 P 0
L -0.321 0.809 -0.311 0.829 0 P 0
L -0.325 0.809 -0.319 0.797 0 P 0
L -0.325 0.809 -0.319 0.821 0 P 0
L -0.331 0.799 -0.311 0.789 0 P 0
L -0.331 0.803 -0.319 0.797 0 P 0
L -0.331 0.815 -0.319 0.821 0 P 0
L -0.331 0.819 -0.311 0.829 0 P 0
L -0.342 0.562 -0.332 0.542 0 P 0
L -0.342 0.562 -0.332 0.582 0 P 0
L -0.343 0.797 -0.331 0.803 0 P 0
L -0.343 0.797 -0.337 0.809 0 P 0
L -0.343 0.821 -0.331 0.815 0 P 0
L -0.343 0.821 -0.337 0.809 0 P 0
L -0.346 0.562 -0.34 0.55 0 P 0
L -0.346 0.562 -0.34 0.574 0 P 0
L -0.351 0.789 -0.331 0.799 0 P 0
L -0.351 0.789 -0.341 0.809 0 P 0
L -0.351 0.829 -0.331 0.819 0 P 0
L -0.351 0.829 -0.341 0.809 0 P 0
L -0.352 0.552 -0.332 0.542 0 P 0
L -0.352 0.556 -0.34 0.55 0 P 0
L -0.352 0.568 -0.34 0.574 0 P 0
L -0.352 0.572 -0.332 0.582 0 P 0
L -0.364 0.55 -0.352 0.556 0 P 0
L -0.364 0.55 -0.358 0.562 0 P 0
L -0.364 0.574 -0.352 0.568 0 P 0
L -0.364 0.574 -0.358 0.562 0 P 0
L -0.372 0.542 -0.352 0.552 0 P 0
L -0.372 0.542 -0.362 0.562 0 P 0
L -0.372 0.582 -0.352 0.572 0 P 0
L -0.372 0.582 -0.362 0.562 0 P 0
L -0.407 -0.053 -0.407 -0.033 0 P 0
L -0.415 -0.049 -0.415 -0.037 0 P 0
L -0.417 -0.033 -0.407 -0.033 0 P 0
L -0.417 -0.033 -0.417 -0.023 0 P 0
L -0.417 -0.053 -0.407 -0.053 0 P 0
L -0.417 -0.063 -0.417 -0.053 0 P 0
L -0.421 -0.037 -0.415 -0.037 0 P 0
L -0.421 -0.037 -0.421 -0.031 0 P 0
L -0.421 -0.049 -0.415 -0.049 0 P 0
L -0.421 -0.055 -0.421 -0.049 0 P 0
L -0.433 -0.031 -0.421 -0.031 0 P 0
L -0.433 -0.037 -0.433 -0.031 0 P 0
L -0.433 -0.055 -0.421 -0.055 0 P 0
L -0.433 -0.055 -0.433 -0.049 0 P 0
L -0.437 -0.023 -0.417 -0.023 0 P 0
L -0.437 -0.033 -0.437 -0.023 0 P 0
L -0.437 -0.063 -0.417 -0.063 0 P 0
L -0.437 -0.063 -0.437 -0.053 0 P 0
L -0.439 -0.037 -0.433 -0.037 0 P 0
L -0.439 -0.049 -0.433 -0.049 0 P 0
L -0.439 -0.049 -0.439 -0.037 0 P 0
L -0.447 -0.033 -0.437 -0.033 0 P 0
L -0.447 -0.053 -0.437 -0.053 0 P 0
L -0.447 -0.053 -0.447 -0.033 0 P 0
L -0.447 0.237 -0.437 0.217 0 P 0
L -0.447 0.237 -0.437 0.257 0 P 0
L -0.451 0.237 -0.445 0.225 0 P 0
L -0.451 0.237 -0.445 0.249 0 P 0
L -0.457 0.227 -0.437 0.217 0 P 0
L -0.457 0.231 -0.445 0.225 0 P 0
L -0.457 0.243 -0.445 0.249 0 P 0
L -0.457 0.247 -0.437 0.257 0 P 0
L -0.462 0.127 -0.462 0.147 0 P 0
L -0.469 0.225 -0.457 0.231 0 P 0
L -0.469 0.225 -0.463 0.237 0 P 0
L -0.469 0.249 -0.457 0.243 0 P 0
L -0.469 0.249 -0.463 0.237 0 P 0
L -0.47 0.131 -0.47 0.143 0 P 0
L -0.472 0.117 -0.472 0.127 0 P 0
L -0.472 0.127 -0.462 0.127 0 P 0
L -0.472 0.147 -0.462 0.147 0 P 0
L -0.472 0.147 -0.472 0.157 0 P 0
L -0.476 0.125 -0.476 0.131 0 P 0
L -0.476 0.131 -0.47 0.131 0 P 0
L -0.476 0.143 -0.47 0.143 0 P 0
L -0.476 0.143 -0.476 0.149 0 P 0
L -0.477 0.217 -0.457 0.227 0 P 0
L -0.477 0.217 -0.467 0.237 0 P 0
L -0.477 0.257 -0.457 0.247 0 P 0
L -0.477 0.257 -0.467 0.237 0 P 0
L -0.488 0.125 -0.476 0.125 0 P 0
L -0.488 0.125 -0.488 0.131 0 P 0
L -0.488 0.143 -0.488 0.149 0 P 0
L -0.488 0.149 -0.476 0.149 0 P 0
L -0.492 0.117 -0.472 0.117 0 P 0
L -0.492 0.117 -0.492 0.127 0 P 0
L -0.492 0.147 -0.492 0.157 0 P 0
L -0.492 0.157 -0.472 0.157 0 P 0
L -0.494 0.131 -0.488 0.131 0 P 0
L -0.494 0.131 -0.494 0.143 0 P 0
L -0.494 0.143 -0.488 0.143 0 P 0
L -0.502 0.127 -0.492 0.127 0 P 0
L -0.502 0.127 -0.502 0.147 0 P 0
L -0.502 0.147 -0.492 0.147 0 P 0
L -0.5123451 1.271 -0.5023451 1.251 0 P 0
L -0.5123451 1.271 -0.5023451 1.291 0 P 0
L -0.5123451 1.328071 -0.5023451 1.308071 0 P 0
L -0.5123451 1.328071 -0.5023451 1.348071 0 P 0
L -0.5123451 1.386 -0.5023451 1.366 0 P 0
L -0.5123451 1.386 -0.5023451 1.406 0 P 0
L -0.5163451 1.271 -0.5103451 1.259 0 P 0
L -0.5163451 1.271 -0.5103451 1.283 0 P 0
L -0.5163451 1.328071 -0.5103451 1.316071 0 P 0
L -0.5163451 1.328071 -0.5103451 1.340071 0 P 0
L -0.5163451 1.386 -0.5103451 1.374 0 P 0
L -0.5163451 1.386 -0.5103451 1.398 0 P 0
L -0.5223451 1.261 -0.5023451 1.251 0 P 0
L -0.5223451 1.265 -0.5103451 1.259 0 P 0
L -0.5223451 1.277 -0.5103451 1.283 0 P 0
L -0.5223451 1.281 -0.5023451 1.291 0 P 0
L -0.5223451 1.318071 -0.5023451 1.308071 0 P 0
L -0.5223451 1.322071 -0.5103451 1.316071 0 P 0
L -0.5223451 1.334071 -0.5103451 1.340071 0 P 0
L -0.5223451 1.338071 -0.5023451 1.348071 0 P 0
L -0.5223451 1.376 -0.5023451 1.366 0 P 0
L -0.5223451 1.38 -0.5103451 1.374 0 P 0
L -0.5223451 1.392 -0.5103451 1.398 0 P 0
L -0.5223451 1.396 -0.5023451 1.406 0 P 0
L -0.5343451 1.259 -0.5223451 1.265 0 P 0
L -0.5343451 1.259 -0.5283451 1.271 0 P 0
L -0.5343451 1.283 -0.5223451 1.277 0 P 0
L -0.5343451 1.283 -0.5283451 1.271 0 P 0
L -0.5343451 1.316071 -0.5223451 1.322071 0 P 0
L -0.5343451 1.316071 -0.5283451 1.328071 0 P 0
L -0.5343451 1.340071 -0.5223451 1.334071 0 P 0
L -0.5343451 1.340071 -0.5283451 1.328071 0 P 0
L -0.5343451 1.374 -0.5223451 1.38 0 P 0
L -0.5343451 1.374 -0.5283451 1.386 0 P 0
L -0.5343451 1.398 -0.5223451 1.392 0 P 0
L -0.5343451 1.398 -0.5283451 1.386 0 P 0
L -0.5423451 1.251 -0.5223451 1.261 0 P 0
L -0.5423451 1.251 -0.5323451 1.271 0 P 0
L -0.5423451 1.291 -0.5223451 1.281 0 P 0
L -0.5423451 1.291 -0.5323451 1.271 0 P 0
L -0.5423451 1.308071 -0.5223451 1.318071 0 P 0
L -0.5423451 1.308071 -0.5323451 1.328071 0 P 0
L -0.5423451 1.348071 -0.5223451 1.338071 0 P 0
L -0.5423451 1.348071 -0.5323451 1.328071 0 P 0
L -0.5423451 1.366 -0.5223451 1.376 0 P 0
L -0.5423451 1.366 -0.5323451 1.386 0 P 0
L -0.5423451 1.406 -0.5223451 1.396 0 P 0
L -0.5423451 1.406 -0.5323451 1.386 0 P 0
L -0.5743451 1.271 -0.5643451 1.251 0 P 0
L -0.5743451 1.271 -0.5643451 1.291 0 P 0
L -0.5743451 1.328071 -0.5643451 1.308071 0 P 0
L -0.5743451 1.328071 -0.5643451 1.348071 0 P 0
L -0.5743451 1.386 -0.5643451 1.366 0 P 0
L -0.5743451 1.386 -0.5643451 1.406 0 P 0
L -0.5783451 1.271 -0.5723451 1.259 0 P 0
L -0.5783451 1.271 -0.5723451 1.283 0 P 0
L -0.5783451 1.328071 -0.5723451 1.316071 0 P 0
L -0.5783451 1.328071 -0.5723451 1.340071 0 P 0
L -0.5783451 1.386 -0.5723451 1.374 0 P 0
L -0.5783451 1.386 -0.5723451 1.398 0 P 0
L -0.5843451 1.261 -0.5643451 1.251 0 P 0
L -0.5843451 1.265 -0.5723451 1.259 0 P 0
L -0.5843451 1.277 -0.5723451 1.283 0 P 0
L -0.5843451 1.281 -0.5643451 1.291 0 P 0
L -0.5843451 1.318071 -0.5643451 1.308071 0 P 0
L -0.5843451 1.322071 -0.5723451 1.316071 0 P 0
L -0.5843451 1.334071 -0.5723451 1.340071 0 P 0
L -0.5843451 1.338071 -0.5643451 1.348071 0 P 0
L -0.5843451 1.376 -0.5643451 1.366 0 P 0
L -0.5843451 1.38 -0.5723451 1.374 0 P 0
L -0.5843451 1.392 -0.5723451 1.398 0 P 0
L -0.5843451 1.396 -0.5643451 1.406 0 P 0
L -0.5963451 1.259 -0.5843451 1.265 0 P 0
L -0.5963451 1.259 -0.5903451 1.271 0 P 0
L -0.5963451 1.283 -0.5843451 1.277 0 P 0
L -0.5963451 1.283 -0.5903451 1.271 0 P 0
L -0.5963451 1.316071 -0.5843451 1.322071 0 P 0
L -0.5963451 1.316071 -0.5903451 1.328071 0 P 0
L -0.5963451 1.340071 -0.5843451 1.334071 0 P 0
L -0.5963451 1.340071 -0.5903451 1.328071 0 P 0
L -0.5963451 1.374 -0.5843451 1.38 0 P 0
L -0.5963451 1.374 -0.5903451 1.386 0 P 0
L -0.5963451 1.398 -0.5843451 1.392 0 P 0
L -0.5963451 1.398 -0.5903451 1.386 0 P 0
L -0.6043451 1.251 -0.5843451 1.261 0 P 0
L -0.6043451 1.251 -0.5943451 1.271 0 P 0
L -0.6043451 1.291 -0.5843451 1.281 0 P 0
L -0.6043451 1.291 -0.5943451 1.271 0 P 0
L -0.6043451 1.308071 -0.5843451 1.318071 0 P 0
L -0.6043451 1.308071 -0.5943451 1.328071 0 P 0
L -0.6043451 1.348071 -0.5843451 1.338071 0 P 0
L -0.6043451 1.348071 -0.5943451 1.328071 0 P 0
L -0.6043451 1.366 -0.5843451 1.376 0 P 0
L -0.6043451 1.366 -0.5943451 1.386 0 P 0
L -0.6043451 1.406 -0.5843451 1.396 0 P 0
L -0.6043451 1.406 -0.5943451 1.386 0 P 0
L -0.622 0.602 -0.612 0.582 0 P 0
L -0.622 0.602 -0.612 0.622 0 P 0
L -0.626 0.602 -0.62 0.59 0 P 0
L -0.626 0.602 -0.62 0.614 0 P 0
L -0.632 0.592 -0.612 0.582 0 P 0
L -0.632 0.596 -0.62 0.59 0 P 0
L -0.632 0.608 -0.62 0.614 0 P 0
L -0.632 0.612 -0.612 0.622 0 P 0
L -0.6363451 1.271 -0.6263451 1.251 0 P 0
L -0.6363451 1.271 -0.6263451 1.291 0 P 0
L -0.6363451 1.328071 -0.6263451 1.308071 0 P 0
L -0.6363451 1.328071 -0.6263451 1.348071 0 P 0
L -0.6363451 1.386 -0.6263451 1.366 0 P 0
L -0.6363451 1.386 -0.6263451 1.406 0 P 0
L -0.6403451 1.271 -0.6343451 1.259 0 P 0
L -0.6403451 1.271 -0.6343451 1.283 0 P 0
L -0.6403451 1.328071 -0.6343451 1.316071 0 P 0
L -0.6403451 1.328071 -0.6343451 1.340071 0 P 0
L -0.6403451 1.386 -0.6343451 1.374 0 P 0
L -0.6403451 1.386 -0.6343451 1.398 0 P 0
L -0.644 0.59 -0.632 0.596 0 P 0
L -0.644 0.59 -0.638 0.602 0 P 0
L -0.644 0.614 -0.632 0.608 0 P 0
L -0.644 0.614 -0.638 0.602 0 P 0
L -0.6463451 1.261 -0.6263451 1.251 0 P 0
L -0.6463451 1.265 -0.6343451 1.259 0 P 0
L -0.6463451 1.277 -0.6343451 1.283 0 P 0
L -0.6463451 1.281 -0.6263451 1.291 0 P 0
L -0.6463451 1.318071 -0.6263451 1.308071 0 P 0
L -0.6463451 1.322071 -0.6343451 1.316071 0 P 0
L -0.6463451 1.334071 -0.6343451 1.340071 0 P 0
L -0.6463451 1.338071 -0.6263451 1.348071 0 P 0
L -0.6463451 1.376 -0.6263451 1.366 0 P 0
L -0.6463451 1.38 -0.6343451 1.374 0 P 0
L -0.6463451 1.392 -0.6343451 1.398 0 P 0
L -0.6463451 1.396 -0.6263451 1.406 0 P 0
L -0.652 0.582 -0.632 0.592 0 P 0
L -0.652 0.582 -0.642 0.602 0 P 0
L -0.652 0.622 -0.632 0.612 0 P 0
L -0.652 0.622 -0.642 0.602 0 P 0
L -0.6583451 1.259 -0.6463451 1.265 0 P 0
L -0.6583451 1.259 -0.6523451 1.271 0 P 0
L -0.6583451 1.283 -0.6463451 1.277 0 P 0
L -0.6583451 1.283 -0.6523451 1.271 0 P 0
L -0.6583451 1.316071 -0.6463451 1.322071 0 P 0
L -0.6583451 1.316071 -0.6523451 1.328071 0 P 0
L -0.6583451 1.340071 -0.6463451 1.334071 0 P 0
L -0.6583451 1.340071 -0.6523451 1.328071 0 P 0
L -0.6583451 1.374 -0.6463451 1.38 0 P 0
L -0.6583451 1.374 -0.6523451 1.386 0 P 0
L -0.6583451 1.398 -0.6463451 1.392 0 P 0
L -0.6583451 1.398 -0.6523451 1.386 0 P 0
L -0.6663451 1.251 -0.6463451 1.261 0 P 0
L -0.6663451 1.251 -0.6563451 1.271 0 P 0
L -0.6663451 1.291 -0.6463451 1.281 0 P 0
L -0.6663451 1.291 -0.6563451 1.271 0 P 0
L -0.6663451 1.308071 -0.6463451 1.318071 0 P 0
L -0.6663451 1.308071 -0.6563451 1.328071 0 P 0
L -0.6663451 1.348071 -0.6463451 1.338071 0 P 0
L -0.6663451 1.348071 -0.6563451 1.328071 0 P 0
L -0.6663451 1.366 -0.6463451 1.376 0 P 0
L -0.6663451 1.366 -0.6563451 1.386 0 P 0
L -0.6663451 1.406 -0.6463451 1.396 0 P 0
L -0.6663451 1.406 -0.6563451 1.386 0 P 0
L -0.7860001 0.819 -0.7760001 0.799 0 P 0
L -0.7860001 0.819 -0.7760001 0.839 0 P 0
L -0.7860001 0.878125 -0.7760001 0.858125 0 P 0
L -0.7860001 0.878125 -0.7760001 0.898125 0 P 0
L -0.7860001 0.93725 -0.7760001 0.91725 0 P 0
L -0.7860001 0.93725 -0.7760001 0.95725 0 P 0
L -0.7860001 0.996375 -0.7760001 0.976375 0 P 0
L -0.7860001 0.996375 -0.7760001 1.016375 0 P 0
L -0.7860001 1.0555 -0.7760001 1.0355 0 P 0
L -0.7860001 1.0555 -0.7760001 1.0755 0 P 0
L -0.7860001 1.114625 -0.7760001 1.094625 0 P 0
L -0.7860001 1.114625 -0.7760001 1.134625 0 P 0
L -0.7860001 1.17375 -0.7760001 1.15375 0 P 0
L -0.7860001 1.17375 -0.7760001 1.19375 0 P 0
L -0.7860001 1.232875 -0.7760001 1.212875 0 P 0
L -0.7860001 1.232875 -0.7760001 1.252875 0 P 0
L -0.7860001 1.292 -0.7760001 1.272 0 P 0
L -0.7860001 1.292 -0.7760001 1.312 0 P 0
L -0.7900001 0.819 -0.7840001 0.807 0 P 0
L -0.7900001 0.819 -0.7840001 0.831 0 P 0
L -0.7900001 0.878125 -0.7840001 0.866125 0 P 0
L -0.7900001 0.878125 -0.7840001 0.890125 0 P 0
L -0.7900001 0.93725 -0.7840001 0.92525 0 P 0
L -0.7900001 0.93725 -0.7840001 0.94925 0 P 0
L -0.7900001 0.996375 -0.7840001 0.984375 0 P 0
L -0.7900001 0.996375 -0.7840001 1.008375 0 P 0
L -0.7900001 1.0555 -0.7840001 1.0435 0 P 0
L -0.7900001 1.0555 -0.7840001 1.0675 0 P 0
L -0.7900001 1.114625 -0.7840001 1.102625 0 P 0
L -0.7900001 1.114625 -0.7840001 1.126625 0 P 0
L -0.7900001 1.17375 -0.7840001 1.16175 0 P 0
L -0.7900001 1.17375 -0.7840001 1.18575 0 P 0
L -0.7900001 1.232875 -0.7840001 1.220875 0 P 0
L -0.7900001 1.232875 -0.7840001 1.244875 0 P 0
L -0.7900001 1.292 -0.7840001 1.28 0 P 0
L -0.7900001 1.292 -0.7840001 1.304 0 P 0
L -0.792 1.527 -0.782 1.507 0 P 0
L -0.792 1.527 -0.782 1.547 0 P 0
L -0.792 1.587 -0.782 1.567 0 P 0
L -0.792 1.587 -0.782 1.607 0 P 0
L -0.792 1.647 -0.782 1.627 0 P 0
L -0.792 1.647 -0.782 1.667 0 P 0
L -0.796 1.527 -0.79 1.515 0 P 0
L -0.796 1.527 -0.79 1.539 0 P 0
L -0.796 1.587 -0.79 1.575 0 P 0
L -0.796 1.587 -0.79 1.599 0 P 0
L -0.796 1.647 -0.79 1.635 0 P 0
L -0.796 1.647 -0.79 1.659 0 P 0
L -0.7960001 0.809 -0.7760001 0.799 0 P 0
L -0.7960001 0.813 -0.7840001 0.807 0 P 0
L -0.7960001 0.825 -0.7840001 0.831 0 P 0
L -0.7960001 0.829 -0.7760001 0.839 0 P 0
L -0.7960001 0.868125 -0.7760001 0.858125 0 P 0
L -0.7960001 0.872125 -0.7840001 0.866125 0 P 0
L -0.7960001 0.884125 -0.7840001 0.890125 0 P 0
L -0.7960001 0.888125 -0.7760001 0.898125 0 P 0
L -0.7960001 0.92725 -0.7760001 0.91725 0 P 0
L -0.7960001 0.93125 -0.7840001 0.92525 0 P 0
L -0.7960001 0.94325 -0.7840001 0.94925 0 P 0
L -0.7960001 0.94725 -0.7760001 0.95725 0 P 0
L -0.7960001 0.986375 -0.7760001 0.976375 0 P 0
L -0.7960001 0.990375 -0.7840001 0.984375 0 P 0
L -0.7960001 1.002375 -0.7840001 1.008375 0 P 0
L -0.7960001 1.006375 -0.7760001 1.016375 0 P 0
L -0.7960001 1.0455 -0.7760001 1.0355 0 P 0
L -0.7960001 1.0495 -0.7840001 1.0435 0 P 0
L -0.7960001 1.0615 -0.7840001 1.0675 0 P 0
L -0.7960001 1.0655 -0.7760001 1.0755 0 P 0
L -0.7960001 1.104625 -0.7760001 1.094625 0 P 0
L -0.7960001 1.108625 -0.7840001 1.102625 0 P 0
L -0.7960001 1.120625 -0.7840001 1.126625 0 P 0
L -0.7960001 1.124625 -0.7760001 1.134625 0 P 0
L -0.7960001 1.16375 -0.7760001 1.15375 0 P 0
L -0.7960001 1.16775 -0.7840001 1.16175 0 P 0
L -0.7960001 1.17975 -0.7840001 1.18575 0 P 0
L -0.7960001 1.18375 -0.7760001 1.19375 0 P 0
L -0.7960001 1.222875 -0.7760001 1.212875 0 P 0
L -0.7960001 1.226875 -0.7840001 1.220875 0 P 0
L -0.7960001 1.238875 -0.7840001 1.244875 0 P 0
L -0.7960001 1.242875 -0.7760001 1.252875 0 P 0
L -0.7960001 1.282 -0.7760001 1.272 0 P 0
L -0.7960001 1.286 -0.7840001 1.28 0 P 0
L -0.7960001 1.298 -0.7840001 1.304 0 P 0
L -0.7960001 1.302 -0.7760001 1.312 0 P 0
L -0.802 1.517 -0.782 1.507 0 P 0
L -0.802 1.521 -0.79 1.515 0 P 0
L -0.802 1.533 -0.79 1.539 0 P 0
L -0.802 1.537 -0.782 1.547 0 P 0
L -0.802 1.577 -0.782 1.567 0 P 0
L -0.802 1.581 -0.79 1.575 0 P 0
L -0.802 1.593 -0.79 1.599 0 P 0
L -0.802 1.597 -0.782 1.607 0 P 0
L -0.802 1.637 -0.782 1.627 0 P 0
L -0.802 1.641 -0.79 1.635 0 P 0
L -0.802 1.653 -0.79 1.659 0 P 0
L -0.802 1.657 -0.782 1.667 0 P 0
L -0.8080001 0.807 -0.7960001 0.813 0 P 0
L -0.8080001 0.807 -0.8020001 0.819 0 P 0
L -0.8080001 0.831 -0.7960001 0.825 0 P 0
L -0.8080001 0.831 -0.8020001 0.819 0 P 0
L -0.8080001 0.866125 -0.7960001 0.872125 0 P 0
L -0.8080001 0.866125 -0.8020001 0.878125 0 P 0
L -0.8080001 0.890125 -0.7960001 0.884125 0 P 0
L -0.8080001 0.890125 -0.8020001 0.878125 0 P 0
L -0.8080001 0.92525 -0.7960001 0.93125 0 P 0
L -0.8080001 0.92525 -0.8020001 0.93725 0 P 0
L -0.8080001 0.94925 -0.7960001 0.94325 0 P 0
L -0.8080001 0.94925 -0.8020001 0.93725 0 P 0
L -0.8080001 0.984375 -0.7960001 0.990375 0 P 0
L -0.8080001 0.984375 -0.8020001 0.996375 0 P 0
L -0.8080001 1.008375 -0.7960001 1.002375 0 P 0
L -0.8080001 1.008375 -0.8020001 0.996375 0 P 0
L -0.8080001 1.0435 -0.7960001 1.0495 0 P 0
L -0.8080001 1.0435 -0.8020001 1.0555 0 P 0
L -0.8080001 1.0675 -0.7960001 1.0615 0 P 0
L -0.8080001 1.0675 -0.8020001 1.0555 0 P 0
L -0.8080001 1.102625 -0.7960001 1.108625 0 P 0
L -0.8080001 1.102625 -0.8020001 1.114625 0 P 0
L -0.8080001 1.126625 -0.7960001 1.120625 0 P 0
L -0.8080001 1.126625 -0.8020001 1.114625 0 P 0
L -0.8080001 1.16175 -0.7960001 1.16775 0 P 0
L -0.8080001 1.16175 -0.8020001 1.17375 0 P 0
L -0.8080001 1.18575 -0.7960001 1.17975 0 P 0
L -0.8080001 1.18575 -0.8020001 1.17375 0 P 0
L -0.8080001 1.220875 -0.7960001 1.226875 0 P 0
L -0.8080001 1.220875 -0.8020001 1.232875 0 P 0
L -0.8080001 1.244875 -0.7960001 1.238875 0 P 0
L -0.8080001 1.244875 -0.8020001 1.232875 0 P 0
L -0.8080001 1.28 -0.7960001 1.286 0 P 0
L -0.8080001 1.28 -0.8020001 1.292 0 P 0
L -0.8080001 1.304 -0.7960001 1.298 0 P 0
L -0.8080001 1.304 -0.8020001 1.292 0 P 0
L -0.814 1.515 -0.802 1.521 0 P 0
L -0.814 1.515 -0.808 1.527 0 P 0
L -0.814 1.539 -0.802 1.533 0 P 0
L -0.814 1.539 -0.808 1.527 0 P 0
L -0.814 1.575 -0.802 1.581 0 P 0
L -0.814 1.575 -0.808 1.587 0 P 0
L -0.814 1.599 -0.802 1.593 0 P 0
L -0.814 1.599 -0.808 1.587 0 P 0
L -0.814 1.635 -0.802 1.641 0 P 0
L -0.814 1.635 -0.808 1.647 0 P 0
L -0.814 1.659 -0.802 1.653 0 P 0
L -0.814 1.659 -0.808 1.647 0 P 0
L -0.8160001 0.799 -0.7960001 0.809 0 P 0
L -0.8160001 0.799 -0.8060001 0.819 0 P 0
L -0.8160001 0.839 -0.7960001 0.829 0 P 0
L -0.8160001 0.839 -0.8060001 0.819 0 P 0
L -0.8160001 0.858125 -0.7960001 0.868125 0 P 0
L -0.8160001 0.858125 -0.8060001 0.878125 0 P 0
L -0.8160001 0.898125 -0.7960001 0.888125 0 P 0
L -0.8160001 0.898125 -0.8060001 0.878125 0 P 0
L -0.8160001 0.91725 -0.7960001 0.92725 0 P 0
L -0.8160001 0.91725 -0.8060001 0.93725 0 P 0
L -0.8160001 0.95725 -0.7960001 0.94725 0 P 0
L -0.8160001 0.95725 -0.8060001 0.93725 0 P 0
L -0.8160001 0.976375 -0.7960001 0.986375 0 P 0
L -0.8160001 0.976375 -0.8060001 0.996375 0 P 0
L -0.8160001 1.016375 -0.7960001 1.006375 0 P 0
L -0.8160001 1.016375 -0.8060001 0.996375 0 P 0
L -0.8160001 1.0355 -0.7960001 1.0455 0 P 0
L -0.8160001 1.0355 -0.8060001 1.0555 0 P 0
L -0.8160001 1.0755 -0.7960001 1.0655 0 P 0
L -0.8160001 1.0755 -0.8060001 1.0555 0 P 0
L -0.8160001 1.094625 -0.7960001 1.104625 0 P 0
L -0.8160001 1.094625 -0.8060001 1.114625 0 P 0
L -0.8160001 1.134625 -0.7960001 1.124625 0 P 0
L -0.8160001 1.134625 -0.8060001 1.114625 0 P 0
L -0.8160001 1.15375 -0.7960001 1.16375 0 P 0
L -0.8160001 1.15375 -0.8060001 1.17375 0 P 0
L -0.8160001 1.19375 -0.7960001 1.18375 0 P 0
L -0.8160001 1.19375 -0.8060001 1.17375 0 P 0
L -0.8160001 1.212875 -0.7960001 1.222875 0 P 0
L -0.8160001 1.212875 -0.8060001 1.232875 0 P 0
L -0.8160001 1.252875 -0.7960001 1.242875 0 P 0
L -0.8160001 1.252875 -0.8060001 1.232875 0 P 0
L -0.8160001 1.272 -0.7960001 1.282 0 P 0
L -0.8160001 1.272 -0.8060001 1.292 0 P 0
L -0.8160001 1.312 -0.7960001 1.302 0 P 0
L -0.8160001 1.312 -0.8060001 1.292 0 P 0
L -0.822 1.507 -0.802 1.517 0 P 0
L -0.822 1.507 -0.812 1.527 0 P 0
L -0.822 1.547 -0.802 1.537 0 P 0
L -0.822 1.547 -0.812 1.527 0 P 0
L -0.822 1.567 -0.802 1.577 0 P 0
L -0.822 1.567 -0.812 1.587 0 P 0
L -0.822 1.607 -0.802 1.597 0 P 0
L -0.822 1.607 -0.812 1.587 0 P 0
L -0.822 1.627 -0.802 1.637 0 P 0
L -0.822 1.627 -0.812 1.647 0 P 0
L -0.822 1.667 -0.802 1.657 0 P 0
L -0.822 1.667 -0.812 1.647 0 P 0
L -1.002 -0.005 -0.99 0.019 0 P 0
L -1.002 -0.013 -0.982 0.027 0 P 0
L -1.002 0.122 -0.982 0.162 0 P 0
L -1.002 0.13 -0.99 0.154 0 P 0
L -1.002 0.257 -0.982 0.297 0 P 0
L -1.002 0.265 -0.99 0.289 0 P 0
L -1.002 0.392 -0.982 0.432 0 P 0
L -1.002 0.4 -0.99 0.424 0 P 0
L -1.002 0.552 -0.982 0.592 0 P 0
L -1.002 0.56 -0.99 0.584 0 P 0
L -1.002 0.687 -0.982 0.727 0 P 0
L -1.002 0.695 -0.99 0.719 0 P 0
L -1.002 0.822 -0.982 0.862 0 P 0
L -1.002 0.83 -0.99 0.854 0 P 0
L -1.002 0.957 -0.982 0.997 0 P 0
L -1.002 0.965 -0.99 0.989 0 P 0
L -1.002 1.092 -0.982 1.132 0 P 0
L -1.002 1.1 -0.99 1.124 0 P 0
L -1.002 1.227 -0.982 1.267 0 P 0
L -1.002 1.235 -0.99 1.259 0 P 0
L -1.002 1.362 -0.982 1.402 0 P 0
L -1.002 1.37 -0.99 1.394 0 P 0
L -1.002 1.497 -0.982 1.537 0 P 0
L -1.002 1.505 -0.99 1.529 0 P 0
L -1.014 0.019 -0.99 0.019 0 P 0
L -1.014 0.019 -1.002 -0.005 0 P 0
L -1.014 0.154 -0.99 0.154 0 P 0
L -1.014 0.154 -1.002 0.13 0 P 0
L -1.014 0.289 -0.99 0.289 0 P 0
L -1.014 0.289 -1.002 0.265 0 P 0
L -1.014 0.424 -0.99 0.424 0 P 0
L -1.014 0.424 -1.002 0.4 0 P 0
L -1.014 0.584 -0.99 0.584 0 P 0
L -1.014 0.584 -1.002 0.56 0 P 0
L -1.014 0.719 -0.99 0.719 0 P 0
L -1.014 0.719 -1.002 0.695 0 P 0
L -1.014 0.854 -0.99 0.854 0 P 0
L -1.014 0.854 -1.002 0.83 0 P 0
L -1.014 0.989 -0.99 0.989 0 P 0
L -1.014 0.989 -1.002 0.965 0 P 0
L -1.014 1.124 -0.99 1.124 0 P 0
L -1.014 1.124 -1.002 1.1 0 P 0
L -1.014 1.259 -0.99 1.259 0 P 0
L -1.014 1.259 -1.002 1.235 0 P 0
L -1.014 1.394 -0.99 1.394 0 P 0
L -1.014 1.394 -1.002 1.37 0 P 0
L -1.014 1.529 -0.99 1.529 0 P 0
L -1.014 1.529 -1.002 1.505 0 P 0
L -1.022 0.027 -0.982 0.027 0 P 0
L -1.022 0.027 -1.002 -0.013 0 P 0
L -1.022 0.162 -0.982 0.162 0 P 0
L -1.022 0.162 -1.002 0.122 0 P 0
L -1.022 0.297 -0.982 0.297 0 P 0
L -1.022 0.297 -1.002 0.257 0 P 0
L -1.022 0.432 -0.982 0.432 0 P 0
L -1.022 0.432 -1.002 0.392 0 P 0
L -1.022 0.592 -0.982 0.592 0 P 0
L -1.022 0.592 -1.002 0.552 0 P 0
L -1.022 0.727 -0.982 0.727 0 P 0
L -1.022 0.727 -1.002 0.687 0 P 0
L -1.022 0.862 -0.982 0.862 0 P 0
L -1.022 0.862 -1.002 0.822 0 P 0
L -1.022 0.997 -0.982 0.997 0 P 0
L -1.022 0.997 -1.002 0.957 0 P 0
L -1.022 1.132 -0.982 1.132 0 P 0
L -1.022 1.132 -1.002 1.092 0 P 0
L -1.022 1.267 -0.982 1.267 0 P 0
L -1.022 1.267 -1.002 1.227 0 P 0
L -1.022 1.402 -0.982 1.402 0 P 0
L -1.022 1.402 -1.002 1.362 0 P 0
L -1.022 1.537 -0.982 1.537 0 P 0
L -1.022 1.537 -1.002 1.497 0 P 0
L -1.038 0.344 -1.028 0.324 0 P 0
L -1.038 0.344 -1.028 0.364 0 P 0
L -1.038 0.91 -1.028 0.89 0 P 0
L -1.038 0.91 -1.028 0.93 0 P 0
L -1.038 1.1795 -1.028 1.1595 0 P 0
L -1.038 1.1795 -1.028 1.1995 0 P 0
L -1.039 0.074 -1.029 0.054 0 P 0
L -1.039 0.074 -1.029 0.094 0 P 0
L -1.039 0.64 -1.029 0.62 0 P 0
L -1.039 0.64 -1.029 0.66 0 P 0
L -1.039 1.449 -1.029 1.429 0 P 0
L -1.039 1.449 -1.029 1.469 0 P 0
L -1.042 0.344 -1.036 0.332 0 P 0
L -1.042 0.344 -1.036 0.356 0 P 0
L -1.042 0.91 -1.036 0.898 0 P 0
L -1.042 0.91 -1.036 0.922 0 P 0
L -1.042 1.1795 -1.036 1.1675 0 P 0
L -1.042 1.1795 -1.036 1.1915 0 P 0
L -1.043 0.074 -1.037 0.062 0 P 0
L -1.043 0.074 -1.037 0.086 0 P 0
L -1.043 0.64 -1.037 0.628 0 P 0
L -1.043 0.64 -1.037 0.652 0 P 0
L -1.043 1.449 -1.037 1.437 0 P 0
L -1.043 1.449 -1.037 1.461 0 P 0
L -1.048 0.334 -1.028 0.324 0 P 0
L -1.048 0.338 -1.036 0.332 0 P 0
L -1.048 0.35 -1.036 0.356 0 P 0
L -1.048 0.354 -1.028 0.364 0 P 0
L -1.048 0.9 -1.028 0.89 0 P 0
L -1.048 0.904 -1.036 0.898 0 P 0
L -1.048 0.916 -1.036 0.922 0 P 0
L -1.048 0.92 -1.028 0.93 0 P 0
L -1.048 1.1695 -1.028 1.1595 0 P 0
L -1.048 1.1735 -1.036 1.1675 0 P 0
L -1.048 1.1855 -1.036 1.1915 0 P 0
L -1.048 1.1895 -1.028 1.1995 0 P 0
L -1.049 0.064 -1.029 0.054 0 P 0
L -1.049 0.068 -1.037 0.062 0 P 0
L -1.049 0.08 -1.037 0.086 0 P 0
L -1.049 0.084 -1.029 0.094 0 P 0
L -1.049 0.63 -1.029 0.62 0 P 0
L -1.049 0.634 -1.037 0.628 0 P 0
L -1.049 0.646 -1.037 0.652 0 P 0
L -1.049 0.65 -1.029 0.66 0 P 0
L -1.049 1.439 -1.029 1.429 0 P 0
L -1.049 1.443 -1.037 1.437 0 P 0
L -1.049 1.455 -1.037 1.461 0 P 0
L -1.049 1.459 -1.029 1.469 0 P 0
L -1.06 0.332 -1.048 0.338 0 P 0
L -1.06 0.332 -1.054 0.344 0 P 0
L -1.06 0.356 -1.048 0.35 0 P 0
L -1.06 0.356 -1.054 0.344 0 P 0
L -1.06 0.898 -1.048 0.904 0 P 0
L -1.06 0.898 -1.054 0.91 0 P 0
L -1.06 0.922 -1.048 0.916 0 P 0
L -1.06 0.922 -1.054 0.91 0 P 0
L -1.06 1.1675 -1.048 1.1735 0 P 0
L -1.06 1.1675 -1.054 1.1795 0 P 0
L -1.06 1.1915 -1.048 1.1855 0 P 0
L -1.06 1.1915 -1.054 1.1795 0 P 0
L -1.061 0.062 -1.049 0.068 0 P 0
L -1.061 0.062 -1.055 0.074 0 P 0
L -1.061 0.086 -1.049 0.08 0 P 0
L -1.061 0.086 -1.055 0.074 0 P 0
L -1.061 0.628 -1.049 0.634 0 P 0
L -1.061 0.628 -1.055 0.64 0 P 0
L -1.061 0.652 -1.049 0.646 0 P 0
L -1.061 0.652 -1.055 0.64 0 P 0
L -1.061 1.437 -1.049 1.443 0 P 0
L -1.061 1.437 -1.055 1.449 0 P 0
L -1.061 1.461 -1.049 1.455 0 P 0
L -1.061 1.461 -1.055 1.449 0 P 0
L -1.068 0.324 -1.048 0.334 0 P 0
L -1.068 0.324 -1.058 0.344 0 P 0
L -1.068 0.364 -1.048 0.354 0 P 0
L -1.068 0.364 -1.058 0.344 0 P 0
L -1.068 0.89 -1.048 0.9 0 P 0
L -1.068 0.89 -1.058 0.91 0 P 0
L -1.068 0.93 -1.048 0.92 0 P 0
L -1.068 0.93 -1.058 0.91 0 P 0
L -1.068 1.1595 -1.048 1.1695 0 P 0
L -1.068 1.1595 -1.058 1.1795 0 P 0
L -1.068 1.1995 -1.048 1.1895 0 P 0
L -1.068 1.1995 -1.058 1.1795 0 P 0
L -1.069 0.054 -1.049 0.064 0 P 0
L -1.069 0.054 -1.059 0.074 0 P 0
L -1.069 0.094 -1.049 0.084 0 P 0
L -1.069 0.094 -1.059 0.074 0 P 0
L -1.069 0.62 -1.049 0.63 0 P 0
L -1.069 0.62 -1.059 0.64 0 P 0
L -1.069 0.66 -1.049 0.65 0 P 0
L -1.069 0.66 -1.059 0.64 0 P 0
L -1.069 1.429 -1.049 1.439 0 P 0
L -1.069 1.429 -1.059 1.449 0 P 0
L -1.069 1.469 -1.049 1.459 0 P 0
L -1.069 1.469 -1.059 1.449 0 P 0
L -1.102 -0.005 -1.09 0.019 0 P 0
L -1.102 -0.013 -1.082 0.027 0 P 0
L -1.102 0.122 -1.082 0.162 0 P 0
L -1.102 0.13 -1.09 0.154 0 P 0
L -1.102 0.257 -1.082 0.297 0 P 0
L -1.102 0.265 -1.09 0.289 0 P 0
L -1.102 0.392 -1.082 0.432 0 P 0
L -1.102 0.4 -1.09 0.424 0 P 0
L -1.102 0.552 -1.082 0.592 0 P 0
L -1.102 0.56 -1.09 0.584 0 P 0
L -1.102 0.687 -1.082 0.727 0 P 0
L -1.102 0.695 -1.09 0.719 0 P 0
L -1.102 0.822 -1.082 0.862 0 P 0
L -1.102 0.83 -1.09 0.854 0 P 0
L -1.102 0.957 -1.082 0.997 0 P 0
L -1.102 0.965 -1.09 0.989 0 P 0
L -1.102 1.092 -1.082 1.132 0 P 0
L -1.102 1.1 -1.09 1.124 0 P 0
L -1.102 1.227 -1.082 1.267 0 P 0
L -1.102 1.235 -1.09 1.259 0 P 0
L -1.102 1.362 -1.082 1.402 0 P 0
L -1.102 1.37 -1.09 1.394 0 P 0
L -1.102 1.497 -1.082 1.537 0 P 0
L -1.102 1.505 -1.09 1.529 0 P 0
L -1.114 0.019 -1.09 0.019 0 P 0
L -1.114 0.019 -1.102 -0.005 0 P 0
L -1.114 0.154 -1.09 0.154 0 P 0
L -1.114 0.154 -1.102 0.13 0 P 0
L -1.114 0.289 -1.09 0.289 0 P 0
L -1.114 0.289 -1.102 0.265 0 P 0
L -1.114 0.424 -1.09 0.424 0 P 0
L -1.114 0.424 -1.102 0.4 0 P 0
L -1.114 0.584 -1.09 0.584 0 P 0
L -1.114 0.584 -1.102 0.56 0 P 0
L -1.114 0.719 -1.09 0.719 0 P 0
L -1.114 0.719 -1.102 0.695 0 P 0
L -1.114 0.854 -1.09 0.854 0 P 0
L -1.114 0.854 -1.102 0.83 0 P 0
L -1.114 0.989 -1.09 0.989 0 P 0
L -1.114 0.989 -1.102 0.965 0 P 0
L -1.114 1.124 -1.09 1.124 0 P 0
L -1.114 1.124 -1.102 1.1 0 P 0
L -1.114 1.259 -1.09 1.259 0 P 0
L -1.114 1.259 -1.102 1.235 0 P 0
L -1.114 1.394 -1.09 1.394 0 P 0
L -1.114 1.394 -1.102 1.37 0 P 0
L -1.114 1.529 -1.09 1.529 0 P 0
L -1.114 1.529 -1.102 1.505 0 P 0
L -1.122 0.027 -1.082 0.027 0 P 0
L -1.122 0.027 -1.102 -0.013 0 P 0
L -1.122 0.162 -1.082 0.162 0 P 0
L -1.122 0.162 -1.102 0.122 0 P 0
L -1.122 0.297 -1.082 0.297 0 P 0
L -1.122 0.297 -1.102 0.257 0 P 0
L -1.122 0.432 -1.082 0.432 0 P 0
L -1.122 0.432 -1.102 0.392 0 P 0
L -1.122 0.592 -1.082 0.592 0 P 0
L -1.122 0.592 -1.102 0.552 0 P 0
L -1.122 0.727 -1.082 0.727 0 P 0
L -1.122 0.727 -1.102 0.687 0 P 0
L -1.122 0.862 -1.082 0.862 0 P 0
L -1.122 0.862 -1.102 0.822 0 P 0
L -1.122 0.997 -1.082 0.997 0 P 0
L -1.122 0.997 -1.102 0.957 0 P 0
L -1.122 1.132 -1.082 1.132 0 P 0
L -1.122 1.132 -1.102 1.092 0 P 0
L -1.122 1.267 -1.082 1.267 0 P 0
L -1.122 1.267 -1.102 1.227 0 P 0
L -1.122 1.402 -1.082 1.402 0 P 0
L -1.122 1.402 -1.102 1.362 0 P 0
L -1.122 1.537 -1.082 1.537 0 P 0
L -1.122 1.537 -1.102 1.497 0 P 0
L -1.145 0.074 -1.135 0.054 0 P 0
L -1.145 0.074 -1.135 0.094 0 P 0
L -1.145 0.344 -1.135 0.324 0 P 0
L -1.145 0.344 -1.135 0.364 0 P 0
L -1.146 0.64 -1.136 0.62 0 P 0
L -1.146 0.64 -1.136 0.66 0 P 0
L -1.147 0.91 -1.137 0.89 0 P 0
L -1.147 0.91 -1.137 0.93 0 P 0
L -1.147 1.18 -1.137 1.16 0 P 0
L -1.147 1.18 -1.137 1.2 0 P 0
L -1.147 1.449 -1.137 1.429 0 P 0
L -1.147 1.449 -1.137 1.469 0 P 0
L -1.149 0.074 -1.143 0.062 0 P 0
L -1.149 0.074 -1.143 0.086 0 P 0
L -1.149 0.344 -1.143 0.332 0 P 0
L -1.149 0.344 -1.143 0.356 0 P 0
L -1.15 0.64 -1.144 0.628 0 P 0
L -1.15 0.64 -1.144 0.652 0 P 0
L -1.151 0.91 -1.145 0.898 0 P 0
L -1.151 0.91 -1.145 0.922 0 P 0
L -1.151 1.18 -1.145 1.168 0 P 0
L -1.151 1.18 -1.145 1.192 0 P 0
L -1.151 1.449 -1.145 1.437 0 P 0
L -1.151 1.449 -1.145 1.461 0 P 0
L -1.152 1.619 -1.132 1.659 0 P 0
L -1.155 0.064 -1.135 0.054 0 P 0
L -1.155 0.068 -1.143 0.062 0 P 0
L -1.155 0.08 -1.143 0.086 0 P 0
L -1.155 0.084 -1.135 0.094 0 P 0
L -1.155 0.334 -1.135 0.324 0 P 0
L -1.155 0.338 -1.143 0.332 0 P 0
L -1.155 0.35 -1.143 0.356 0 P 0
L -1.155 0.354 -1.135 0.364 0 P 0
L -1.156 0.63 -1.136 0.62 0 P 0
L -1.156 0.634 -1.144 0.628 0 P 0
L -1.156 0.646 -1.144 0.652 0 P 0
L -1.156 0.65 -1.136 0.66 0 P 0
L -1.157 0.9 -1.137 0.89 0 P 0
L -1.157 0.904 -1.145 0.898 0 P 0
L -1.157 0.916 -1.145 0.922 0 P 0
L -1.157 0.92 -1.137 0.93 0 P 0
L -1.157 1.17 -1.137 1.16 0 P 0
L -1.157 1.174 -1.145 1.168 0 P 0
L -1.157 1.186 -1.145 1.192 0 P 0
L -1.157 1.19 -1.137 1.2 0 P 0
L -1.157 1.439 -1.137 1.429 0 P 0
L -1.157 1.443 -1.145 1.437 0 P 0
L -1.157 1.455 -1.145 1.461 0 P 0
L -1.157 1.459 -1.137 1.469 0 P 0
L -1.167 0.062 -1.155 0.068 0 P 0
L -1.167 0.062 -1.161 0.074 0 P 0
L -1.167 0.086 -1.155 0.08 0 P 0
L -1.167 0.086 -1.161 0.074 0 P 0
L -1.167 0.332 -1.155 0.338 0 P 0
L -1.167 0.332 -1.161 0.344 0 P 0
L -1.167 0.356 -1.155 0.35 0 P 0
L -1.167 0.356 -1.161 0.344 0 P 0
L -1.168 0.628 -1.156 0.634 0 P 0
L -1.168 0.628 -1.162 0.64 0 P 0
L -1.168 0.652 -1.156 0.646 0 P 0
L -1.168 0.652 -1.162 0.64 0 P 0
L -1.169 0.898 -1.157 0.904 0 P 0
L -1.169 0.898 -1.163 0.91 0 P 0
L -1.169 0.922 -1.157 0.916 0 P 0
L -1.169 0.922 -1.163 0.91 0 P 0
L -1.169 1.168 -1.157 1.174 0 P 0
L -1.169 1.168 -1.163 1.18 0 P 0
L -1.169 1.192 -1.157 1.186 0 P 0
L -1.169 1.192 -1.163 1.18 0 P 0
L -1.169 1.437 -1.157 1.443 0 P 0
L -1.169 1.437 -1.163 1.449 0 P 0
L -1.169 1.461 -1.157 1.455 0 P 0
L -1.169 1.461 -1.163 1.449 0 P 0
L -1.172 1.659 -1.132 1.659 0 P 0
L -1.172 1.659 -1.152 1.619 0 P 0
L -1.175 0.054 -1.155 0.064 0 P 0
L -1.175 0.054 -1.165 0.074 0 P 0
L -1.175 0.094 -1.155 0.084 0 P 0
L -1.175 0.094 -1.165 0.074 0 P 0
L -1.175 0.324 -1.155 0.334 0 P 0
L -1.175 0.324 -1.165 0.344 0 P 0
L -1.175 0.364 -1.155 0.354 0 P 0
L -1.175 0.364 -1.165 0.344 0 P 0
L -1.176 0.62 -1.156 0.63 0 P 0
L -1.176 0.62 -1.166 0.64 0 P 0
L -1.176 0.66 -1.156 0.65 0 P 0
L -1.176 0.66 -1.166 0.64 0 P 0
L -1.177 0.89 -1.157 0.9 0 P 0
L -1.177 0.89 -1.167 0.91 0 P 0
L -1.177 0.93 -1.157 0.92 0 P 0
L -1.177 0.93 -1.167 0.91 0 P 0
L -1.177 1.16 -1.157 1.17 0 P 0
L -1.177 1.16 -1.167 1.18 0 P 0
L -1.177 1.2 -1.157 1.19 0 P 0
L -1.177 1.2 -1.167 1.18 0 P 0
L -1.177 1.429 -1.157 1.439 0 P 0
L -1.177 1.429 -1.167 1.449 0 P 0
L -1.177 1.469 -1.157 1.459 0 P 0
L -1.177 1.469 -1.167 1.449 0 P 0
L -1.202 -0.005 -1.19 0.019 0 P 0
L -1.202 -0.013 -1.182 0.027 0 P 0
L -1.202 0.122 -1.182 0.162 0 P 0
L -1.202 0.13 -1.19 0.154 0 P 0
L -1.202 0.257 -1.182 0.297 0 P 0
L -1.202 0.265 -1.19 0.289 0 P 0
L -1.202 0.392 -1.182 0.432 0 P 0
L -1.202 0.4 -1.19 0.424 0 P 0
L -1.202 0.552 -1.182 0.592 0 P 0
L -1.202 0.56 -1.19 0.584 0 P 0
L -1.202 0.687 -1.182 0.727 0 P 0
L -1.202 0.695 -1.19 0.719 0 P 0
L -1.202 0.822 -1.182 0.862 0 P 0
L -1.202 0.83 -1.19 0.854 0 P 0
L -1.202 0.957 -1.182 0.997 0 P 0
L -1.202 0.965 -1.19 0.989 0 P 0
L -1.202 1.092 -1.182 1.132 0 P 0
L -1.202 1.1 -1.19 1.124 0 P 0
L -1.202 1.227 -1.182 1.267 0 P 0
L -1.202 1.235 -1.19 1.259 0 P 0
L -1.202 1.362 -1.182 1.402 0 P 0
L -1.202 1.37 -1.19 1.394 0 P 0
L -1.202 1.497 -1.182 1.537 0 P 0
L -1.202 1.505 -1.19 1.529 0 P 0
L -1.214 0.019 -1.19 0.019 0 P 0
L -1.214 0.019 -1.202 -0.005 0 P 0
L -1.214 0.154 -1.19 0.154 0 P 0
L -1.214 0.154 -1.202 0.13 0 P 0
L -1.214 0.289 -1.19 0.289 0 P 0
L -1.214 0.289 -1.202 0.265 0 P 0
L -1.214 0.424 -1.19 0.424 0 P 0
L -1.214 0.424 -1.202 0.4 0 P 0
L -1.214 0.584 -1.19 0.584 0 P 0
L -1.214 0.584 -1.202 0.56 0 P 0
L -1.214 0.719 -1.19 0.719 0 P 0
L -1.214 0.719 -1.202 0.695 0 P 0
L -1.214 0.854 -1.19 0.854 0 P 0
L -1.214 0.854 -1.202 0.83 0 P 0
L -1.214 0.989 -1.19 0.989 0 P 0
L -1.214 0.989 -1.202 0.965 0 P 0
L -1.214 1.124 -1.19 1.124 0 P 0
L -1.214 1.124 -1.202 1.1 0 P 0
L -1.214 1.259 -1.19 1.259 0 P 0
L -1.214 1.259 -1.202 1.235 0 P 0
L -1.214 1.394 -1.19 1.394 0 P 0
L -1.214 1.394 -1.202 1.37 0 P 0
L -1.214 1.529 -1.19 1.529 0 P 0
L -1.214 1.529 -1.202 1.505 0 P 0
L -1.222 0.027 -1.182 0.027 0 P 0
L -1.222 0.027 -1.202 -0.013 0 P 0
L -1.222 0.162 -1.182 0.162 0 P 0
L -1.222 0.162 -1.202 0.122 0 P 0
L -1.222 0.297 -1.182 0.297 0 P 0
L -1.222 0.297 -1.202 0.257 0 P 0
L -1.222 0.432 -1.182 0.432 0 P 0
L -1.222 0.432 -1.202 0.392 0 P 0
L -1.222 0.592 -1.182 0.592 0 P 0
L -1.222 0.592 -1.202 0.552 0 P 0
L -1.222 0.727 -1.182 0.727 0 P 0
L -1.222 0.727 -1.202 0.687 0 P 0
L -1.222 0.862 -1.182 0.862 0 P 0
L -1.222 0.862 -1.202 0.822 0 P 0
L -1.222 0.997 -1.182 0.997 0 P 0
L -1.222 0.997 -1.202 0.957 0 P 0
L -1.222 1.132 -1.182 1.132 0 P 0
L -1.222 1.132 -1.202 1.092 0 P 0
L -1.222 1.267 -1.182 1.267 0 P 0
L -1.222 1.267 -1.202 1.227 0 P 0
L -1.222 1.402 -1.182 1.402 0 P 0
L -1.222 1.402 -1.202 1.362 0 P 0
L -1.222 1.537 -1.182 1.537 0 P 0
L -1.222 1.537 -1.202 1.497 0 P 0
L 0 -0.02 0.02 0.02 0 P 0
L 0.022 0.081 0.032 0.101 0 P 0
L 0.022 0.081 0.042 0.091 0 P 0
L 0.022 0.121 0.032 0.101 0 P 0
L 0.022 0.121 0.042 0.111 0 P 0
L 0.023 0.181 0.023 0.221 0 P 0
L 0.023 0.181 0.063 0.181 0 P 0
L 0.023 0.221 0.063 0.221 0 P 0
L 0.023 0.281 0.023 0.321 0 P 0
L 0.023 0.281 0.063 0.281 0 P 0
L 0.023 0.321 0.063 0.321 0 P 0
L 0.023 0.447 0.023 0.487 0 P 0
L 0.023 0.447 0.063 0.447 0 P 0
L 0.023 0.487 0.063 0.487 0 P 0
L 0.023 0.547 0.023 0.587 0 P 0
L 0.023 0.547 0.063 0.547 0 P 0
L 0.023 0.587 0.063 0.587 0 P 0
L 0.023 0.702 0.033 0.702 0 P 0
L 0.023 0.702 0.033 0.712 0 P 0
L 0.023 0.722 0.033 0.712 0 P 0
L 0.023 0.722 0.033 0.722 0 P 0
L 0.023 0.802 0.033 0.802 0 P 0
L 0.023 0.802 0.033 0.812 0 P 0
L 0.023 0.822 0.033 0.812 0 P 0
L 0.023 0.822 0.033 0.822 0 P 0
L 0.023 0.902 0.033 0.902 0 P 0
L 0.023 0.902 0.033 0.912 0 P 0
L 0.023 0.922 0.033 0.912 0 P 0
L 0.023 0.922 0.033 0.922 0 P 0
L 0.023 1.002 0.033 1.002 0 P 0
L 0.023 1.002 0.033 1.012 0 P 0
L 0.023 1.022 0.033 1.012 0 P 0
L 0.023 1.022 0.033 1.022 0 P 0
L 0.023 1.127 0.033 1.127 0 P 0
L 0.023 1.127 0.033 1.137 0 P 0
L 0.023 1.147 0.033 1.137 0 P 0
L 0.023 1.147 0.033 1.147 0 P 0
L 0.023 1.227 0.033 1.227 0 P 0
L 0.023 1.227 0.033 1.237 0 P 0
L 0.023 1.247 0.033 1.237 0 P 0
L 0.023 1.247 0.033 1.247 0 P 0
L 0.023 1.327 0.033 1.327 0 P 0
L 0.023 1.327 0.033 1.337 0 P 0
L 0.023 1.347 0.033 1.337 0 P 0
L 0.023 1.347 0.033 1.347 0 P 0
L 0.023 1.427 0.033 1.427 0 P 0
L 0.023 1.427 0.033 1.437 0 P 0
L 0.023 1.447 0.033 1.437 0 P 0
L 0.023 1.447 0.033 1.447 0 P 0
L 0.03 0.089 0.036 0.101 0 P 0
L 0.03 0.089 0.042 0.095 0 P 0
L 0.03 0.113 0.036 0.101 0 P 0
L 0.03 0.113 0.042 0.107 0 P 0
L 0.031 0.189 0.031 0.213 0 P 0
L 0.031 0.189 0.055 0.189 0 P 0
L 0.031 0.213 0.055 0.213 0 P 0
L 0.031 0.289 0.031 0.313 0 P 0
L 0.031 0.289 0.055 0.289 0 P 0
L 0.031 0.313 0.055 0.313 0 P 0
L 0.031 0.455 0.031 0.479 0 P 0
L 0.031 0.455 0.055 0.455 0 P 0
L 0.031 0.479 0.055 0.479 0 P 0
L 0.031 0.555 0.031 0.579 0 P 0
L 0.031 0.555 0.055 0.555 0 P 0
L 0.031 0.579 0.055 0.579 0 P 0
L 0.031 0.706 0.037 0.706 0 P 0
L 0.031 0.706 0.037 0.712 0 P 0
L 0.031 0.718 0.037 0.712 0 P 0
L 0.031 0.718 0.037 0.718 0 P 0
L 0.031 0.806 0.037 0.806 0 P 0
L 0.031 0.806 0.037 0.812 0 P 0
L 0.031 0.818 0.037 0.812 0 P 0
L 0.031 0.818 0.037 0.818 0 P 0
L 0.031 0.906 0.037 0.906 0 P 0
L 0.031 0.906 0.037 0.912 0 P 0
L 0.031 0.918 0.037 0.912 0 P 0
L 0.031 0.918 0.037 0.918 0 P 0
L 0.031 1.006 0.037 1.006 0 P 0
L 0.031 1.006 0.037 1.012 0 P 0
L 0.031 1.018 0.037 1.012 0 P 0
L 0.031 1.018 0.037 1.018 0 P 0
L 0.031 1.131 0.037 1.131 0 P 0
L 0.031 1.131 0.037 1.137 0 P 0
L 0.031 1.143 0.037 1.137 0 P 0
L 0.031 1.143 0.037 1.143 0 P 0
L 0.031 1.231 0.037 1.231 0 P 0
L 0.031 1.231 0.037 1.237 0 P 0
L 0.031 1.243 0.037 1.237 0 P 0
L 0.031 1.243 0.037 1.243 0 P 0
L 0.031 1.331 0.037 1.331 0 P 0
L 0.031 1.331 0.037 1.337 0 P 0
L 0.031 1.343 0.037 1.337 0 P 0
L 0.031 1.343 0.037 1.343 0 P 0
L 0.031 1.431 0.037 1.431 0 P 0
L 0.031 1.431 0.037 1.437 0 P 0
L 0.031 1.443 0.037 1.437 0 P 0
L 0.031 1.443 0.037 1.443 0 P 0
L 0.033 0.702 0.043 0.692 0 P 0
L 0.033 0.722 0.043 0.732 0 P 0
L 0.033 0.802 0.043 0.792 0 P 0
L 0.033 0.822 0.043 0.832 0 P 0
L 0.033 0.902 0.043 0.892 0 P 0
L 0.033 0.922 0.043 0.932 0 P 0
L 0.033 1.002 0.043 0.992 0 P 0
L 0.033 1.022 0.043 1.032 0 P 0
L 0.033 1.127 0.043 1.117 0 P 0
L 0.033 1.147 0.043 1.157 0 P 0
L 0.033 1.227 0.043 1.217 0 P 0
L 0.033 1.247 0.043 1.257 0 P 0
L 0.033 1.327 0.043 1.317 0 P 0
L 0.033 1.347 0.043 1.357 0 P 0
L 0.033 1.427 0.043 1.417 0 P 0
L 0.033 1.447 0.043 1.457 0 P 0
L 0.037 0.706 0.043 0.7 0 P 0
L 0.037 0.718 0.043 0.724 0 P 0
L 0.037 0.806 0.043 0.8 0 P 0
L 0.037 0.818 0.043 0.824 0 P 0
L 0.037 0.906 0.043 0.9 0 P 0
L 0.037 0.918 0.043 0.924 0 P 0
L 0.037 1.006 0.043 1 0 P 0
L 0.037 1.018 0.043 1.024 0 P 0
L 0.037 1.131 0.043 1.125 0 P 0
L 0.037 1.143 0.043 1.149 0 P 0
L 0.037 1.231 0.043 1.225 0 P 0
L 0.037 1.243 0.043 1.249 0 P 0
L 0.037 1.331 0.043 1.325 0 P 0
L 0.037 1.343 0.043 1.349 0 P 0
L 0.037 1.431 0.043 1.425 0 P 0
L 0.037 1.443 0.043 1.449 0 P 0
L 0.042 0.091 0.062 0.081 0 P 0
L 0.042 0.095 0.054 0.089 0 P 0
L 0.042 0.107 0.054 0.113 0 P 0
L 0.042 0.111 0.062 0.121 0 P 0
L 0.043 0.692 0.053 0.702 0 P 0
L 0.043 0.7 0.049 0.706 0 P 0
L 0.043 0.724 0.049 0.718 0 P 0
L 0.043 0.732 0.053 0.722 0 P 0
L 0.043 0.792 0.053 0.802 0 P 0
L 0.043 0.8 0.049 0.806 0 P 0
L 0.043 0.824 0.049 0.818 0 P 0
L 0.043 0.832 0.053 0.822 0 P 0
L 0.043 0.892 0.053 0.902 0 P 0
L 0.043 0.9 0.049 0.906 0 P 0
L 0.043 0.924 0.049 0.918 0 P 0
L 0.043 0.932 0.053 0.922 0 P 0
L 0.043 0.992 0.053 1.002 0 P 0
L 0.043 1 0.049 1.006 0 P 0
L 0.043 1.024 0.049 1.018 0 P 0
L 0.043 1.032 0.053 1.022 0 P 0
L 0.043 1.117 0.053 1.127 0 P 0
L 0.043 1.125 0.049 1.131 0 P 0
L 0.043 1.149 0.049 1.143 0 P 0
L 0.043 1.157 0.053 1.147 0 P 0
L 0.043 1.217 0.053 1.227 0 P 0
L 0.043 1.225 0.049 1.231 0 P 0
L 0.043 1.249 0.049 1.243 0 P 0
L 0.043 1.257 0.053 1.247 0 P 0
L 0.043 1.317 0.053 1.327 0 P 0
L 0.043 1.325 0.049 1.331 0 P 0
L 0.043 1.349 0.049 1.343 0 P 0
L 0.043 1.357 0.053 1.347 0 P 0
L 0.043 1.417 0.053 1.427 0 P 0
L 0.043 1.425 0.049 1.431 0 P 0
L 0.043 1.449 0.049 1.443 0 P 0
L 0.043 1.457 0.053 1.447 0 P 0
L 0.048 0.101 0.054 0.089 0 P 0
L 0.048 0.101 0.054 0.113 0 P 0
L 0.049 0.706 0.055 0.706 0 P 0
L 0.049 0.712 0.055 0.706 0 P 0
L 0.049 0.712 0.055 0.718 0 P 0
L 0.049 0.718 0.055 0.718 0 P 0
L 0.049 0.806 0.055 0.806 0 P 0
L 0.049 0.812 0.055 0.806 0 P 0
L 0.049 0.812 0.055 0.818 0 P 0
L 0.049 0.818 0.055 0.818 0 P 0
L 0.049 0.906 0.055 0.906 0 P 0
L 0.049 0.912 0.055 0.906 0 P 0
L 0.049 0.912 0.055 0.918 0 P 0
L 0.049 0.918 0.055 0.918 0 P 0
L 0.049 1.006 0.055 1.006 0 P 0
L 0.049 1.012 0.055 1.006 0 P 0
L 0.049 1.012 0.055 1.018 0 P 0
L 0.049 1.018 0.055 1.018 0 P 0
L 0.049 1.131 0.055 1.131 0 P 0
L 0.049 1.137 0.055 1.131 0 P 0
L 0.049 1.137 0.055 1.143 0 P 0
L 0.049 1.143 0.055 1.143 0 P 0
L 0.049 1.231 0.055 1.231 0 P 0
L 0.049 1.237 0.055 1.231 0 P 0
L 0.049 1.237 0.055 1.243 0 P 0
L 0.049 1.243 0.055 1.243 0 P 0
L 0.049 1.331 0.055 1.331 0 P 0
L 0.049 1.337 0.055 1.331 0 P 0
L 0.049 1.337 0.055 1.343 0 P 0
L 0.049 1.343 0.055 1.343 0 P 0
L 0.049 1.431 0.055 1.431 0 P 0
L 0.049 1.437 0.055 1.431 0 P 0
L 0.049 1.437 0.055 1.443 0 P 0
L 0.049 1.443 0.055 1.443 0 P 0
L 0.052 0.101 0.062 0.081 0 P 0
L 0.052 0.101 0.062 0.121 0 P 0
L 0.053 0.702 0.063 0.702 0 P 0
L 0.053 0.712 0.063 0.702 0 P 0
L 0.053 0.712 0.063 0.722 0 P 0
L 0.053 0.722 0.063 0.722 0 P 0
L 0.053 0.802 0.063 0.802 0 P 0
L 0.053 0.812 0.063 0.802 0 P 0
L 0.053 0.812 0.063 0.822 0 P 0
L 0.053 0.822 0.063 0.822 0 P 0
L 0.053 0.902 0.063 0.902 0 P 0
L 0.053 0.912 0.063 0.902 0 P 0
L 0.053 0.912 0.063 0.922 0 P 0
L 0.053 0.922 0.063 0.922 0 P 0
L 0.053 1.002 0.063 1.002 0 P 0
L 0.053 1.012 0.063 1.002 0 P 0
L 0.053 1.012 0.063 1.022 0 P 0
L 0.053 1.022 0.063 1.022 0 P 0
L 0.053 1.127 0.063 1.127 0 P 0
L 0.053 1.137 0.063 1.127 0 P 0
L 0.053 1.137 0.063 1.147 0 P 0
L 0.053 1.147 0.063 1.147 0 P 0
L 0.053 1.227 0.063 1.227 0 P 0
L 0.053 1.237 0.063 1.227 0 P 0
L 0.053 1.237 0.063 1.247 0 P 0
L 0.053 1.247 0.063 1.247 0 P 0
L 0.053 1.327 0.063 1.327 0 P 0
L 0.053 1.337 0.063 1.327 0 P 0
L 0.053 1.337 0.063 1.347 0 P 0
L 0.053 1.347 0.063 1.347 0 P 0
L 0.053 1.427 0.063 1.427 0 P 0
L 0.053 1.437 0.063 1.427 0 P 0
L 0.053 1.437 0.063 1.447 0 P 0
L 0.053 1.447 0.063 1.447 0 P 0
L 0.055 0.189 0.055 0.213 0 P 0
L 0.055 0.289 0.055 0.313 0 P 0
L 0.055 0.455 0.055 0.479 0 P 0
L 0.055 0.555 0.055 0.579 0 P 0
L 0.063 0.181 0.063 0.221 0 P 0
L 0.063 0.281 0.063 0.321 0 P 0
L 0.063 0.447 0.063 0.487 0 P 0
L 0.063 0.547 0.063 0.587 0 P 0
L 0.103 1.117 0.113 1.137 0 P 0
L 0.103 1.117 0.123 1.127 0 P 0
L 0.103 1.157 0.113 1.137 0 P 0
L 0.103 1.157 0.123 1.147 0 P 0
L 0.103 1.417 0.113 1.437 0 P 0
L 0.103 1.417 0.123 1.427 0 P 0
L 0.103 1.457 0.113 1.437 0 P 0
L 0.103 1.457 0.123 1.447 0 P 0
L 0.111 1.125 0.117 1.137 0 P 0
L 0.111 1.125 0.123 1.131 0 P 0
L 0.111 1.149 0.117 1.137 0 P 0
L 0.111 1.149 0.123 1.143 0 P 0
L 0.111 1.425 0.117 1.437 0 P 0
L 0.111 1.425 0.123 1.431 0 P 0
L 0.111 1.449 0.117 1.437 0 P 0
L 0.111 1.449 0.123 1.443 0 P 0
L 0.123 1.127 0.143 1.117 0 P 0
L 0.123 1.131 0.135 1.125 0 P 0
L 0.123 1.143 0.135 1.149 0 P 0
L 0.123 1.147 0.143 1.157 0 P 0
L 0.123 1.427 0.143 1.417 0 P 0
L 0.123 1.431 0.135 1.425 0 P 0
L 0.123 1.443 0.135 1.449 0 P 0
L 0.123 1.447 0.143 1.457 0 P 0
L 0.129 1.137 0.135 1.125 0 P 0
L 0.129 1.137 0.135 1.149 0 P 0
L 0.129 1.437 0.135 1.425 0 P 0
L 0.129 1.437 0.135 1.449 0 P 0
L 0.133 1.137 0.143 1.117 0 P 0
L 0.133 1.137 0.143 1.157 0 P 0
L 0.133 1.437 0.143 1.417 0 P 0
L 0.133 1.437 0.143 1.457 0 P 0
