#Layer_Color=6321
#
#Feature symbol names
#
$0 r5

#
#Feature attribute names
#

#
#Layer features
#
L -0.021 1.515 -0.021 1.543 0 P 0
L -0.035 1.529 -0.007 1.529 0 P 0
L -0.054135 0 0.054135 0 0 P 0
L -0.172 0.223 -0.172 0.251 0 P 0
L -0.172 0.458 -0.172 0.486 0 P 0
L -0.186 0.237 -0.158 0.237 0 P 0
L -0.186 0.472 -0.158 0.472 0 P 0
L -0.247 0.223 -0.247 0.251 0 P 0
L -0.261 0.237 -0.233 0.237 0 P 0
L -0.271 1.1 -0.271 1.128 0 P 0
L -0.271 1.159125 -0.271 1.187125 0 P 0
L -0.271 1.219 -0.271 1.247 0 P 0
L -0.271 1.278125 -0.271 1.306125 0 P 0
L -0.271 1.33725 -0.271 1.36525 0 P 0
L -0.271 1.396375 -0.271 1.424375 0 P 0
L -0.271 1.633 -0.271 1.661 0 P 0
L -0.285 1.114 -0.257 1.114 0 P 0
L -0.285 1.173125 -0.257 1.173125 0 P 0
L -0.285 1.233 -0.257 1.233 0 P 0
L -0.285 1.292125 -0.257 1.292125 0 P 0
L -0.285 1.35125 -0.257 1.35125 0 P 0
L -0.285 1.410375 -0.257 1.410375 0 P 0
L -0.285 1.647 -0.257 1.647 0 P 0
L -0.331 0.795 -0.331 0.823 0 P 0
L -0.345 0.809 -0.317 0.809 0 P 0
L -0.352 0.548 -0.352 0.576 0 P 0
L -0.366 0.562 -0.338 0.562 0 P 0
L -0.427 -0.0505 -0.427 -0.0355 0 P 0
L -0.4345 -0.043 -0.4195 -0.043 0 P 0
L -0.457 0.223 -0.457 0.251 0 P 0
L -0.471 0.237 -0.443 0.237 0 P 0
L -0.482 0.1295 -0.482 0.1445 0 P 0
L -0.4895 0.137 -0.4745 0.137 0 P 0
L -0.5223451 1.257 -0.5223451 1.285 0 P 0
L -0.5223451 1.314071 -0.5223451 1.342071 0 P 0
L -0.5223451 1.372 -0.5223451 1.4 0 P 0
L -0.5363451 1.271 -0.5083451 1.271 0 P 0
L -0.5363451 1.328071 -0.5083451 1.328071 0 P 0
L -0.5363451 1.386 -0.5083451 1.386 0 P 0
L -0.5480236 0.3578267 -0.5480236 0.3893227 0 P 0
L -0.5637716 0.3735747 -0.5322756 0.3735747 0 P 0
L -0.5843451 1.257 -0.5843451 1.285 0 P 0
L -0.5843451 1.314071 -0.5843451 1.342071 0 P 0
L -0.5843451 1.372 -0.5843451 1.4 0 P 0
L -0.5983451 1.271 -0.5703451 1.271 0 P 0
L -0.5983451 1.328071 -0.5703451 1.328071 0 P 0
L -0.5983451 1.386 -0.5703451 1.386 0 P 0
L -0.632 0.588 -0.632 0.616 0 P 0
L -0.646 0.602 -0.618 0.602 0 P 0
L -0.6463451 1.257 -0.6463451 1.285 0 P 0
L -0.6463451 1.314071 -0.6463451 1.342071 0 P 0
L -0.6463451 1.372 -0.6463451 1.4 0 P 0
L -0.6603451 1.271 -0.6323451 1.271 0 P 0
L -0.6603451 1.328071 -0.6323451 1.328071 0 P 0
L -0.6603451 1.386 -0.6323451 1.386 0 P 0
L -0.737 0.2200315 -0.737 0.2515275 0 P 0
L -0.737 0.4562519 -0.737 0.4877479 0 P 0
L -0.752748 0.2357795 -0.721252 0.2357795 0 P 0
L -0.752748 0.4719999 -0.721252 0.4719999 0 P 0
L -0.7960001 0.805 -0.7960001 0.833 0 P 0
L -0.7960001 0.864125 -0.7960001 0.892125 0 P 0
L -0.7960001 0.92325 -0.7960001 0.95125 0 P 0
L -0.7960001 0.982375 -0.7960001 1.010375 0 P 0
L -0.7960001 1.0415 -0.7960001 1.0695 0 P 0
L -0.7960001 1.100625 -0.7960001 1.128625 0 P 0
L -0.7960001 1.15975 -0.7960001 1.18775 0 P 0
L -0.7960001 1.218875 -0.7960001 1.246875 0 P 0
L -0.7960001 1.278 -0.7960001 1.306 0 P 0
L -0.802 1.513 -0.802 1.541 0 P 0
L -0.802 1.573 -0.802 1.601 0 P 0
L -0.802 1.633 -0.802 1.661 0 P 0
L -0.8100001 0.819 -0.7820001 0.819 0 P 0
L -0.8100001 0.878125 -0.7820001 0.878125 0 P 0
L -0.8100001 0.93725 -0.7820001 0.93725 0 P 0
L -0.8100001 0.996375 -0.7820001 0.996375 0 P 0
L -0.8100001 1.0555 -0.7820001 1.0555 0 P 0
L -0.8100001 1.114625 -0.7820001 1.114625 0 P 0
L -0.8100001 1.17375 -0.7820001 1.17375 0 P 0
L -0.8100001 1.232875 -0.7820001 1.232875 0 P 0
L -0.8100001 1.292 -0.7820001 1.292 0 P 0
L -0.816 1.527 -0.788 1.527 0 P 0
L -0.816 1.587 -0.788 1.587 0 P 0
L -0.816 1.647 -0.788 1.647 0 P 0
L -1.002 -0.014 -1.002 0.028 0 P 0
L -1.002 0.121 -1.002 0.163 0 P 0
L -1.002 0.256 -1.002 0.298 0 P 0
L -1.002 0.391 -1.002 0.433 0 P 0
L -1.002 0.551 -1.002 0.593 0 P 0
L -1.002 0.686 -1.002 0.728 0 P 0
L -1.002 0.821 -1.002 0.863 0 P 0
L -1.002 0.956 -1.002 0.998 0 P 0
L -1.002 1.091 -1.002 1.133 0 P 0
L -1.002 1.226 -1.002 1.268 0 P 0
L -1.002 1.361 -1.002 1.403 0 P 0
L -1.002 1.496 -1.002 1.538 0 P 0
L -1.023 0.007 -0.981 0.007 0 P 0
L -1.023 0.142 -0.981 0.142 0 P 0
L -1.023 0.277 -0.981 0.277 0 P 0
L -1.023 0.412 -0.981 0.412 0 P 0
L -1.023 0.572 -0.981 0.572 0 P 0
L -1.023 0.707 -0.981 0.707 0 P 0
L -1.023 0.842 -0.981 0.842 0 P 0
L -1.023 0.977 -0.981 0.977 0 P 0
L -1.023 1.112 -0.981 1.112 0 P 0
L -1.023 1.247 -0.981 1.247 0 P 0
L -1.023 1.382 -0.981 1.382 0 P 0
L -1.023 1.517 -0.981 1.517 0 P 0
L -1.048 0.33 -1.048 0.358 0 P 0
L -1.048 0.896 -1.048 0.924 0 P 0
L -1.048 1.1655 -1.048 1.1935 0 P 0
L -1.049 0.06 -1.049 0.088 0 P 0
L -1.049 0.626 -1.049 0.654 0 P 0
L -1.049 1.435 -1.049 1.463 0 P 0
L -1.062 0.344 -1.034 0.344 0 P 0
L -1.062 0.91 -1.034 0.91 0 P 0
L -1.062 1.1795 -1.034 1.1795 0 P 0
L -1.063 0.074 -1.035 0.074 0 P 0
L -1.063 0.64 -1.035 0.64 0 P 0
L -1.063 1.449 -1.035 1.449 0 P 0
L -1.102 -0.014 -1.102 0.028 0 P 0
L -1.102 0.121 -1.102 0.163 0 P 0
L -1.102 0.256 -1.102 0.298 0 P 0
L -1.102 0.391 -1.102 0.433 0 P 0
L -1.102 0.551 -1.102 0.593 0 P 0
L -1.102 0.686 -1.102 0.728 0 P 0
L -1.102 0.821 -1.102 0.863 0 P 0
L -1.102 0.956 -1.102 0.998 0 P 0
L -1.102 1.091 -1.102 1.133 0 P 0
L -1.102 1.226 -1.102 1.268 0 P 0
L -1.102 1.361 -1.102 1.403 0 P 0
L -1.102 1.496 -1.102 1.538 0 P 0
L -1.123 0.007 -1.081 0.007 0 P 0
L -1.123 0.142 -1.081 0.142 0 P 0
L -1.123 0.277 -1.081 0.277 0 P 0
L -1.123 0.412 -1.081 0.412 0 P 0
L -1.123 0.572 -1.081 0.572 0 P 0
L -1.123 0.707 -1.081 0.707 0 P 0
L -1.123 0.842 -1.081 0.842 0 P 0
L -1.123 0.977 -1.081 0.977 0 P 0
L -1.123 1.112 -1.081 1.112 0 P 0
L -1.123 1.247 -1.081 1.247 0 P 0
L -1.123 1.382 -1.081 1.382 0 P 0
L -1.123 1.517 -1.081 1.517 0 P 0
L -1.152 1.584865 -1.152 1.693135 0 P 0
L -1.155 0.06 -1.155 0.088 0 P 0
L -1.155 0.33 -1.155 0.358 0 P 0
L -1.156 0.626 -1.156 0.654 0 P 0
L -1.157 0.896 -1.157 0.924 0 P 0
L -1.157 1.166 -1.157 1.194 0 P 0
L -1.157 1.435 -1.157 1.463 0 P 0
L -1.169 0.074 -1.141 0.074 0 P 0
L -1.169 0.344 -1.141 0.344 0 P 0
L -1.17 0.64 -1.142 0.64 0 P 0
L -1.171 0.91 -1.143 0.91 0 P 0
L -1.171 1.18 -1.143 1.18 0 P 0
L -1.171 1.449 -1.143 1.449 0 P 0
L -1.202 -0.014 -1.202 0.028 0 P 0
L -1.202 0.121 -1.202 0.163 0 P 0
L -1.202 0.256 -1.202 0.298 0 P 0
L -1.202 0.391 -1.202 0.433 0 P 0
L -1.202 0.551 -1.202 0.593 0 P 0
L -1.202 0.686 -1.202 0.728 0 P 0
L -1.202 0.821 -1.202 0.863 0 P 0
L -1.202 0.956 -1.202 0.998 0 P 0
L -1.202 1.091 -1.202 1.133 0 P 0
L -1.202 1.226 -1.202 1.268 0 P 0
L -1.202 1.361 -1.202 1.403 0 P 0
L -1.202 1.496 -1.202 1.538 0 P 0
L -1.206135 1.639 -1.097865 1.639 0 P 0
L -1.223 0.007 -1.181 0.007 0 P 0
L -1.223 0.142 -1.181 0.142 0 P 0
L -1.223 0.277 -1.181 0.277 0 P 0
L -1.223 0.412 -1.181 0.412 0 P 0
L -1.223 0.572 -1.181 0.572 0 P 0
L -1.223 0.707 -1.181 0.707 0 P 0
L -1.223 0.842 -1.181 0.842 0 P 0
L -1.223 0.977 -1.181 0.977 0 P 0
L -1.223 1.112 -1.181 1.112 0 P 0
L -1.223 1.247 -1.181 1.247 0 P 0
L -1.223 1.382 -1.181 1.382 0 P 0
L -1.223 1.517 -1.181 1.517 0 P 0
L 0 -0.054135 0 0.054135 0 P 0
L 0.023 0.712 0.063 0.712 0 P 0
L 0.023 0.812 0.063 0.812 0 P 0
L 0.023 0.912 0.063 0.912 0 P 0
L 0.023 1.012 0.063 1.012 0 P 0
L 0.023 1.137 0.063 1.137 0 P 0
L 0.023 1.237 0.063 1.237 0 P 0
L 0.023 1.337 0.063 1.337 0 P 0
L 0.023 1.437 0.063 1.437 0 P 0
L 0.023315 0.201 0.062685 0.201 0 P 0
L 0.023315 0.301 0.062685 0.301 0 P 0
L 0.023315 0.467 0.062685 0.467 0 P 0
L 0.023315 0.567 0.062685 0.567 0 P 0
L 0.028 0.101 0.056 0.101 0 P 0
L 0.042 0.087 0.042 0.115 0 P 0
L 0.043 0.181315 0.043 0.220685 0 P 0
L 0.043 0.281315 0.043 0.320685 0 P 0
L 0.043 0.447315 0.043 0.486685 0 P 0
L 0.043 0.547315 0.043 0.586685 0 P 0
L 0.043 0.692 0.043 0.732 0 P 0
L 0.043 0.792 0.043 0.832 0 P 0
L 0.043 0.892 0.043 0.932 0 P 0
L 0.043 0.992 0.043 1.032 0 P 0
L 0.043 1.117 0.043 1.157 0 P 0
L 0.043 1.217 0.043 1.257 0 P 0
L 0.043 1.317 0.043 1.357 0 P 0
L 0.043 1.417 0.043 1.457 0 P 0
L 0.109 1.137 0.137 1.137 0 P 0
L 0.109 1.437 0.137 1.437 0 P 0
L 0.123 1.123 0.123 1.151 0 P 0
L 0.123 1.423 0.123 1.451 0 P 0
